Info
--
t0: 106
t1: 148
t2: 201

w0: 0.1374771922292584
w1: 0.07882097241601377
w2: 0.03767307073092198
w3: 0.7460287646238057

u0: 89.98467844247094
u1: 121.08102127659569
u2: 173.62286324786325
u3: 227.61419630975075

uT: 198.26220886551462
oB: 2746.921533164272
oT: 2795.6603975251232
nu: 0.9825662428798586

time: 62.196
