Info
--
t0: 166

w0: 0.2301706557904906
w1: 0.7698293442095093

u0: 104.62613662858473
u1: 226.25838271174626

uT: 198.26220886551462
oB: 2621.4517566233917
oT: 2795.6603975251223
nu: 0.9376860504745319

time: 0.0070
