Info
--
t0: 122
t1: 188

w0: 0.18244874959750998
w1: 0.06182247504561554
w2: 0.7557287753568743

u0: 95.5639385248915
u1: 147.72699652777777
u2: 227.18976015906551

uT: 198.26220886551462
oB: 2714.5540412577584
oT: 2795.6603975251232
nu: 0.9709884804537902

time: 0.893
