Info
--
t0: 103

w0: 0.5395289807353839
w1: 0.46047101926461614

u0: 59.152279082153456
u1: 145.51701812319618

uT: 98.92073849690499
oB: 1853.062255196575
oT: 2698.4778114348464
nu: 0.6867065007331881

time: 0.0080
