Info
--
t0: 58
t1: 107
t2: 159

w0: 0.2405143616575472
w1: 0.32320015325487
w2: 0.30118173872439263
w3: 0.13510374636319003

u0: 32.34353843090402
u1: 82.4945173001408
u2: 129.99359968197183
u3: 187.46862814604756

uT: 98.92073849690499
oB: 2503.4013181725363
oT: 2698.4778114348446
nu: 0.9277086910125151

time: 68.813
