Info
--
t0: 79
t1: 145

w0: 0.37491169885418035
w1: 0.43902731049676125
w2: 0.18606099064905832

u0: 45.08124421166926
u1: 111.57933347878262
u2: 177.5379021879022

uT: 98.92073849690496
oB: 2307.0823993918
oT: 2698.477811434844
nu: 0.8549569648545934

time: 0.766
